  country   mean rmse    mean mae     mean mape   last rmse  ...     last mape  arima rmse   arima mae    arima mape       order
0     AUS    1.854499    1.741667  8.194049e+14    2.677063  ...  3.753000e+14    1.774114    1.607579  1.001443e+15   (1, 2, 2)
1     CAN   22.108459   15.862500  5.262553e-01   21.067352  ...  5.299449e-01   18.257019   13.297185  5.921355e-01   (1, 0, 3)
2     GBR    4.468658    4.114583  1.498085e+00    3.872983  ...  1.301299e+00    3.250938    2.672445  1.082577e+00   (1, 3, 1)
3  GLOBAL  375.508041  318.591667  4.835364e-01  199.955828  ...  3.970262e-01  195.353848  168.808221  4.144939e-01  (1, 0, 11)
4     IND    1.984313    1.541667  8.444249e+14    4.387482  ...  6.755399e+15    1.768855    1.524993  2.891265e+15   (1, 0, 1)
5     USA  358.550474  306.287500  5.009917e-01  188.659084  ...  4.045006e-01  182.956460  153.999785  4.062750e-01  (1, 0, 10)

  country   mean rmse    mean mae     mean mape   last rmse    last mae     last mape  arima rmse   arima mae    arima mape
0     AUS    1.854499    1.741667  8.194049e+14    2.677063    2.333333  3.753000e+14    1.774114    1.607579  1.001443e+15
1     CAN   22.108459   15.862500  5.262553e-01   21.067352   15.000000  5.299449e-01   18.257019   13.297185  5.921355e-01
2     GBR    4.468658    4.114583  1.498085e+00    3.872983    3.500000  1.301299e+00    3.250938    2.672445  1.082577e+00
3  GLOBAL  375.508041  318.591667  4.835364e-01  199.955828  177.000000  3.970262e-01  195.353848  168.808221  4.144939e-01
4     IND    1.984313    1.541667  8.444249e+14    4.387482    4.083333  6.755399e+15    1.768855    1.524993  2.891265e+15
5     USA  358.550474  306.287500  5.009917e-01  188.659084  168.250000  4.045006e-01  182.956460  153.999785  4.062750e-01
